image: map0.png
resolution: 0.25 
origin: [-373.50132806612964,-226.74521572476624, 0.000000]
negate: 0
occupied_thresh: 0.45
free_thresh: 0.196