image: map0.png
resolution: 0.25 
origin: [-311.9822398168701,-245.63928030563804, 0.000000]
negate: 0
occupied_thresh: 0.45
free_thresh: 0.196