image: mapcenterline.png
resolution: 0.5 
origin: [-200.37152777777774,-200.37152777777777, 0.000000]
origin_pix: [-400.7430555555555,-400.74305555555554, 0.000000]
negate: 0
occupied_thresh: 0.45
free_thresh: 0.196